2    4.7044e-07    4.42e-07    2.517e-06
12    1.72133e-06    8.37e-07    9.795e-06
22    6.78311e-06    2.749e-06    7.096e-05
32    9.32565e-06    7.84e-06    1.468e-05
42    2.27311e-05    1.0358e-05    0.000139836
52    1.95095e-05    1.2021e-05    7.791e-05
62    3.54675e-05    2.0508e-05    0.000133655
72    4.03836e-05    2.3876e-05    0.00019553
82    5.92936e-05    3.166e-05    0.000299324
92    5.98591e-05    2.9306e-05    0.000175083
102    8.12079e-05    3.8094e-05    0.000359162
112    9.30003e-05    5.1852e-05    0.000165604
122    0.000139765    8.8217e-05    0.000663996
132    0.000165083    0.000118515    0.000664912
142    0.000195513    0.000126783    0.000445305
152    0.00022611    0.000111547    0.00165459
162    0.000251722    0.000100862    0.000550752
172    0.000302459    0.000155043    0.00144512
182    0.000341552    0.00021353    0.00084629
192    0.000397237    0.000206331    0.00666477
202    0.00034405    0.000253918    0.000683457
212    0.00036256    0.000276517    0.000698235
222    0.000416559    0.000352104    0.000815025
232    0.000416419    0.000348721    0.00105542
242    0.000456229    0.000391098    0.00102231
252    0.000571708    0.000433829    0.00141463
262    0.000584159    0.000490152    0.00143766
272    0.000623979    0.000504042    0.00108255
282    0.000719289    0.000583709    0.00128131
292    0.000868465    0.000632532    0.00263446
302    0.000866228    0.000714628    0.00165973
312    0.000956669    0.000700868    0.00188615
322    0.00124624    0.000819022    0.00263836
332    0.00104824    0.000861327    0.00182139
342    0.00124005    0.000984118    0.00301652
352    0.00114582    0.000958632    0.00222307
362    0.00135303    0.00110807    0.00280013
372    0.00148252    0.00117005    0.00283077
382    0.00163972    0.00137274    0.00293236
392    0.00172807    0.00132266    0.0037349
402    0.00197892    0.00142872    0.00523852
412    0.00213575    0.00153144    0.00547613
422    0.0026398    0.00166033    0.00581554
432    0.00244133    0.00168688    0.00679553
442    0.00242698    0.00188194    0.00558436
452    0.00328308    0.00199515    0.00647047
462    0.00307175    0.00216254    0.0076821
472    0.00332581    0.00215122    0.00661113
482    0.00379515    0.00240378    0.013437
492    0.00264073    0.00248652    0.00412695
