2	1.81765E-04	0.000136928	0.000273956
12	0.003640730	0.00306352	0.0048061
22	0.011490800	0.0108193	0.013301
32	0.027321400	0.0229666	0.0357616
42	0.044016600	0.0355265	0.052959
52	0.059591500	0.0584813	0.0634379
62	0.086765700	0.0831689	0.094233
72	0.114655000	0.11236		0.118946
82	0.148919000	0.140391	0.158503
92	0.187754000	0.178881	0.196111
102	0.228736000	0.224447	0.232267
112	0.274747000	0.266284	0.284656
122	0.325886000	0.320182	0.333924
132	0.377605000	0.374109	0.382358
142	0.436612000	0.408419	0.451523
152	0.501012000	0.495809	0.508583
162	0.569737000	0.55719		0.579317
172	0.641368000	0.63574		0.646566
182	0.720682000	0.69161		0.747242
192	0.803924000	0.789037	0.815574
202	0.897518000	0.857694	0.923235
212	0.990850000	0.957528	1.00823
222	1.096650000	1.06616		1.11801
232	1.211240000	1.1971		1.22179
242	1.308540000	1.28528		1.33313
252	1.431240000	1.41924		1.45122
262	1.543160000	1.53053		1.56026
272	1.654860000	1.63248		1.67652
282	1.813940000	1.76863		1.95768
292	1.904550000	1.86791		1.93769
302	2.067560000	2.02833		2.16227
312	2.213760000	2.16809		2.24905
322	2.352180000	2.28275		2.39468
332	2.520640000	2.48236		2.54851
342	2.688540000	2.65121		2.71699
352	2.858450000	2.81024		2.91458
362	3.040020000	3.0213		3.06915
372	3.212130000	3.14242		3.26564
382	3.411510000	3.38456		3.45021
392	3.637210000	3.50172		3.88577
402	3.849210000	3.7323		4.06213
412	3.962820000	3.9217		3.99688
422	4.191130000	4.1689		4.20713
432	4.474000000	4.32393		5.01362
442	4.725000000	4.55183		5.29591
452	5.227950000	4.77643		6.06348
462	5.223730000	4.99832		6.02161
472	5.281430000	5.11669		5.67635
482	5.557290000	5.47295		5.68762
492	5.771530000	5.72982		5.86839